-27 -316
-160 84
30 -216
98 226
493 20
-108 430
110 -240
29 -366
321 456
-422 214
-214 -295
-308 -409
-477 -28
-326 -441
4 -321
26 -314
258 459
348 -68
-30 -210
227 99
187 -325
153 -165
-452 -425
75 -251
154 257
442 -380
147 223
-462 281
-106 37
31 -61
39 223
493 -82
212 332
42 101
-168 330
-127 -94
-251 423
399 -495
191 397
-435 306
192 101
250 325
338 101
-315 446
-479 461
-53 -287
293 393
-390 347
266 -343
45 -250
186 -303
-180 499
122 244
336 340
-26 383
145 -290
-151 -244
183 -381
-61 -182
-213 188
-429 214
293 -456
-177 -114
92 213
-184 -500
-417 397
414 439
90 16
294 209
-346 -320
269 -348
-458 -306
169 -382
422 411
-227 21
136 -102
-445 166
-94 237
338 141
-227 392
-167 -458
-251 -39
341 99
404 78
189 428
-192 209
-202 54
-74 -446
45 -304
266 453
138 486
175 -263
337 35
-39 398
64 -395
248 339
-444 -319
-184 277
84 -56
-391 442
26 -165
-18 -205
216 -244
-435 44
412 -368
279 323
252 -374
-166 -132
-82 -48
405 240
-51 55
-353 -172
-480 -149
-138 223
220 244
-332 -477
-260 -111
159 -268
-281 -477
446 66
-186 285
-290 -96
278 367
89 -393
70 306
65 413
-297 363
139 441
423 319
-408 1
-95 -246
-469 -183
-116 462
-443 -168
-58 -213
474 294
338 72
67 -157
271 276
-242 388
-467 -128
-141 427
400 409
330 -71
-72 488
480 489
317 19
17 471
446 492
158 -425
446 15
171 -468
0 46
310 328
384 95
260 -71
488 433
-380 173
-114 -185
245 448
-376 234
-171 -372
-236 -444
-471 -323
38 -66
-446 -150
366 27
-351 161
-469 -231
-126 391
-464 -53
-124 145
-493 -219
-117 -78
-323 406
341 295
18 302
5 306
-124 -416
496 -33
-249 61
-60 231
-233 -459
-242 386
316 314
188 -221
448 -135
274 -347
36 -453
385 -249
-133 -451
254 -345
-294 381
481 187
178 364
248 342
-339 -378
13 75
-153 -71
379 -300
70 -260
145 -305
-84 451
429 -331
-259 -265
-246 -420
431 -468
-71 195
-200 81
477 -466
-377 86
274 427
-419 303
400 285
-427 -224
204 -322
-86 -115
-434 432
-153 46
-169 -329
413 -219
-372 287
-301 -290
379 36
315 -29
-328 -319
211 -126
308 210
71 454
269 -227
-100 -446
62 -485
-354 -455
-306 362
170 -477
-369 -399
273 190
-159 -52
110 444
302 33
28 476
-318 -471
206 -58
-281 -133
-314 -205
249 188
363 -98
-488 490
-465 282
-146 -54
494 -97
279 -40
-121 -343
376 -498
138 488
-320 -375
373 111
-383 486
-224 -162
228 327
-117 479
101 -36
395 -352
244 -420
7 310
-32 437
253 -406
464 -270
-385 -471
372 311
-14 388
95 -132
279 3
120 -304
-337 -487
-442 -202
414 -231
-35 -183
222 -327
261 197
300 -390
-47 493
-321 243
-416 -337
-205 -138
-410 122
224 480
374 369
383 5
488 -437
11 283
-480 183
-298 -80
-104 254
-8 89
-439 -228
-237 390
362 81
-4 355
161 -342
-354 317
-338 186
227 106
338 369
-122 -412
436 -273
-227 433
124 -417
-43 -7
-289 -236
283 450
-489 -151
85 122
200 404
38 20
101 264
-128 -470
210 -466
281 -282
424 374
-216 2
387 471
-159 -51
348 47
155 436
19 142
278 94
407 137
-185 -331
-296 -216
-479 -126
207 130
424 -21
427 -369
409 55
-38 372
68 194
286 -35
245 -402
234 381
-440 376
-334 167
-359 -9
-422 374
-84 -66
-415 141
-422 -131
-328 96
424 115
59 -263
456 -127
260 392
464 259
410 -249
168 -269
258 -428
-54 -294
-250 -120
83 -468
-172 456
118 -490
112 -12
-228 -403
-422 97
-123 40
286 25
-248 43
245 439
195 -316
209 -206
306 90
-31 103
402 -104
-337 445
240 457
97 312
-86 255
406 63
-206 -31
137 -237
480 -219
290 -406
-451 320
248 -257
372 -140
360 269
-100 491
78 85
-293 358
182 450
-466 -76
-112 -314
326 -271
400 4
-192 -286
-162 -285
488 -400
313 55
326 -206
430 410
-324 -386
-106 389
-10 -273
388 155
358 -487
307 -98
412 433
-241 -214
325 183
171 147
-411 -7
-54 -262
203 442
42 -319
-5 60
-34 170
120 -33
421 -316
365 -193
398 -14
474 -265
-17 -104
88 167
-143 157
-60 -174
464 313
110 185
-287 194
-226 232
279 264
378 -51
450 479
-83 -133
-353 113
-95 -235
90 324
-150 212
-497 381
1 159
196 265
-405 162
-204 -14
183 219
332 -109
476 246
-53 29
-352 68
-7 140
-3 -175
-303 -237
199 485
-359 -12
-82 -477
-70 -265
222 75
-175 254
101 -201
358 -229
292 -409
-259 -58
-357 77
-345 -280
155 -95
-20 196
-233 -141
171 -340
-260 -394
-202 318
384 -121
133 411
-181 -414
435 23
349 248
-49 157
120 201
320 -28
30 151
-88 403
-443 280
406 110
208 -343
-475 187
-413 -3
-164 342
-457 -418
-189 149
84 -358
74 -492
-419 189
-221 -172
471 -289
-423 -163
30 89
-128 15
224 169
289 -391
150 -108
-222 -132
-489 391
422 -382
-351 49
272 -125
19 -220
169 94
299 -56
-342 358
-451 1
-101 491
461 407
245 139
-161 313
176 -424
120 -174
193 381
-383 78
370 -299
-426 -165
12 363
24 -282
377 431
-413 244
41 288
394 -241
283 53
-238 374
-141 358
43 -303
342 -491
281 106
-305 -292
-67 372
-104 -355
-297 -193
-319 -233
-27 -308
-284 -43
-390 -80
302 -165
-420 338
-252 282
-276 -487
177 -294
416 -170
-462 411
-83 162
180 223
227 318
-10 -468
-229 -283
81 -299
274 -287
475 192
-144 311
494 21
-127 -351
-294 -100
146 -38
-38 -414
339 -459
383 4
-251 190
268 225
206 -478
-363 298
416 -149
-168 -211
-24 -282
407 -231
465 223
-194 -157
219 83
-387 88
-277 99
183 386
191 35
-31 374
118 -46
-390 184
454 38
379 395
209 -155
-199 406
-434 -74
144 90
255 263
416 25
430 211
-30 20
452 -361
-482 -132
414 -374
-236 -396
217 391
7 189
-166 -206
383 116
252 76
195 -456
-146 480
-499 78
-497 -384
-458 108
-391 -458
-272 -239
66 -444
8 -100
-229 -157
-489 388
59 444
-286 -372
-202 254
-238 -77
-116 -172
-248 -221
487 170
-366 62
118 -117
-332 212
-329 96
-299 119
8 315
-487 404
-116 -492
353 -79
53 157
18 5
136 62
-401 31
-468 161
435 141
-208 -93
-312 113
425 474
-304 182
-197 135
380 -55
-148 198
-446 248
462 146
301 -155
-476 -402
-343 -114
-152 22
-483 -367
-103 -432
-460 141
-121 -250
272 -231
-230 156
433 381
65 51
81 450
-398 368
403 -274
360 -107
-492 216
-190 488
93 -263
188 204
-246 -432
414 -363
-228 439
-499 308
-130 -305
237 -468
-199 -31
-367 269
-282 -19
348 -282
-428 -368
-481 282
294 261
224 -93
-49 455
412 -54
153 -307
302 418
47 -348
-4 -273
-145 -414
99 -17
313 448
-164 221
73 369
-390 230
-145 466
459 -461
-73 415
224 -93
-427 297
-211 26
-422 361
-48 414
19 269
390 -437
280 466
214 -322
-267 179
-227 -405
-373 222
-418 105
-488 -471
-248 17
361 460
233 273
-39 -353
-199 122
-123 422
-405 -44
407 395
-91 143
230 382
383 -459
-142 290
-143 -252
100 -342
222 -231
178 -272
-254 -64
-59 433
390 58
473 311
129 -316
361 -309
-331 -123
-66 -291
-251 -55
362 -423
114 -67
-271 -114
-62 170
-465 -288
-221 6
-106 -322
152 364
350 -98
-15 360
20 87
467 -217
279 -152
-499 173
269 -321
-301 173
406 -481
61 -467
160 363
162 -156
325 327
398 -288
-476 300
499 123
138 365
-260 -232
-266 -210
-96 111
-142 -120
233 471
-41 23
115 -414
246 -79
365 31
305 -10
1 274
-8 49
235 152
164 -490
-355 161
-227 219
-217 246
-366 -113
-37 194
412 325
-96 -298
390 427
14 374
259 -105
-385 457
-195 -484
-244 -66
-322 427
262 -289
-241 -474
-441 -85
465 -72
-369 -365
177 -143
128 -320
307 -427
-155 -327
254 -333
350 -424
168 -274
362 145
-196 -318
-301 -396
243 240
332 392
-90 -439
-272 -188
52 -422
39 -42
62 -198
479 51
386 -452
0 -161
424 -360
-93 87
210 -342
113 494
89 -2
-366 356
367 -10
62 299
-142 490
382 190
-93 119
-375 -359
458 -175
-133 118
142 -456
396 279
-95 -359
20 415
-323 -259
130 -500
-306 294
218 -127
497 71
-148 -199
225 -302
-347 432
-61 -188
-74 -118
-87 -224
381 104
403 395
493 -381
-354 -392
-387 217
-483 -22
-354 -484
100 184
-127 -492
-157 -161
252 -152
183 -415
-199 -147
-408 38
-317 500
54 202
-409 319
-351 -379
156 99
-159 -241
197 227
60 227
92 134
-135 -476
-41 250
-336 187
326 -395
-461 344
36 -329
-385 112
250 49
108 439
227 379
111 134
431 413
-123 83
344 158
256 232
-54 454
442 427
-113 -64
77 -248
30 -353
-442 445
433 480
-433 140
460 -172
-221 195
416 -92
-88 36
335 -99
-413 -22
-389 138
106 115
429 -21
44 307
72 312
-302 335
-211 -128
182 233
373 -32
-183 -418
298 303
152 189
226 -413
381 -480
118 150
-344 424
-13 -66
316 340
-280 165
-229 280
88 -236
-421 188
-370 -337
-312 281
-433 477
309 -383
-32 -249
-411 -443
-91 236
-301 -143
209 -401
391 -282
-80 378
121 52
0 230
89 94
-420 -171
117 -453
-319 371
472 -139
473 340
134 -73
-73 -429
-322 -475
153 191
41 56
-173 -211
-290 -221
306 293
-430 303
-234 227
-202 -282
453 355
300 -265
31 -484
342 -76
-403 148
-444 -149
-464 426
-24 142
186 -444
-157 230
-364 84
61 -167
271 467
141 -424
118 23
245 -448
-68 92
480 287
195 498
-236 127
-43 152
46 -423
381 -405
-199 77
413 14
169 66
310 -145
-163 246
-188 312
-111 160
-207 289
-240 -110
-288 -378
-174 -455
-278 370
-90 -214
-276 -448
-375 298
-225 -305
-220 300
-216 422
-251 -457
5 284
349 -418
-375 -32
-77 26
486 -89
490 -431
281 -249
150 -198
479 -80
45 494
317 459
487 -34
-272 -138
-413 -168
17 318
-194 368
-50 302
409 -318
-316 313
-438 288